Borg
46
Spere
3000
8
60
25
9
Spere
3000
8
60
25
9
Spere
3000
8
60
25
9
Spere
3000
8
60
25
9
Spere
3000
8
60
25
9
Spere
3000
8
60
25
9
Spere
3000
8
60
25
9
Spere
3000
8
60
25
9
Spere
3000
8
60
25
9
Spere
3000
8
60
25
9
Spere
3000
8
60
25
9
Spere
3000
8
60
25
9
Spere
3000
8
60
25
9
Spere
3000
8
60
25
9
Spere
3000
8
60
25
9
Spere
3000
8
60
25
9
Spere
3000
8
60
25
9
Spere
3000
8
60
25
9
Spere
3000
8
60
25
9
Spere
3000
8
60
25
9
Spere
3000
8
60
25
9
Spere
3000
8
60
25
9
Spere
3000
8
60
25
9
Spere
3000
8
60
25
9
Spere
3000
8
60
25
9
Spere
3000
8
60
25
9
Spere
3000
8
60
25
9
Spere
3000
8
60
25
9
Spere
3000
8
60
25
9
Spere
3000
8
60
25
9
Spere
3000
8
60
25
9
Spere
3000
8
60
25
9
Spere
3000
8
60
25
9
Cube
12000
15
150
83
15
Cube
12000
15
150
83
15
Cube
12000
15
150
83
15
Cube
12000
15
150
83
15
Cube
12000
15
150
83
15
Cube
12000
15
150
83
15
Cube
12000
15
150
83
15
Cube
12000
15
150
83
15
Cube
12000
15
150
83
15
Cube
12000
15
150
83
15
Cube
12000
15
150
83
15
Cube
12000
15
150
83
15
Cube
12000
15
150
83
15
